TaskList[Parameter Estimation].(Problem)Parameter Estimation.Best Parameters	TaskList[Parameter Estimation].(Problem)Parameter Estimation.Best Value
(	146.037	0.0268448	18.5599	0.0111536	0.438087	1.51404	6.36128	26.5083	792.474	192.195	16.2299	2.45479	0.90861	99.3405	107.525	0.0654756	110.682	0.0104012	266.047	)	52.5753
(	0.0123047	0.0524869	110.729	0.00172444	8.3031	0.438529	0.0597866	8.0143	1.33226	205.726	4.56404	0.167803	4.88847	0.054427	0.0160533	0.018146	19.4253	0.00179014	30.4424	)	41.0033
(	8.51986	0.0764428	0.112198	0.031308	0.0240409	0.0811992	0.0813692	127.681	0.00434703	11.0544	0.0457138	19.0901	0.0369143	422.28	1.64127	0.00453249	0.00189673	3.85597	7.05454	)	32.0889
(	0.0969676	0.001	1.09327	0.001	148.599	258.202	6.65429	708.051	0.001	616.582	0.001	0.0546388	3.81557	707.69	0.595499	668.694	0.0217244	3.26873	49.3989	)	27.3547
(	70.9364	639.987	4.95071	0.0158722	598.435	103.037	136.353	35.9731	0.001	928.332	0.0689057	799.698	0.0639327	696.789	0.00805069	91.9883	0.142826	43.9443	476.77	)	20.1936
(	0.001	0.001	0.746356	0.001	244.641	473.548	39.9207	848.184	4.49558	964.91	0.001	2.82531	20.8731	1000	0.774588	988.431	0.001	1.48145	28.666	)	17.4409
(	0.001	0.00214033	1.02646	0.0782434	224.235	519.276	29.8337	868.771	12.2146	981.871	0.00120042	2.62013	54.7229	962.089	0.461065	1000	0.00699884	1.70287	99.0704	)	13.7249
(	0.189012	0.160326	0.001	0.00319083	224.902	551.202	71.0874	0.001	0.001	1000	0.001	0.583064	13.4533	251.517	2.21604	1000	0.001	12.0157	487.696	)	12.0876
(	126.809	767.616	16.6472	0.61735	456.496	129.369	135.445	97.4595	20.1656	893.965	1.86908	912.375	168.448	196.669	0.601565	170.669	0.0557616	43.1383	396.016	)	9.01933
