Time	IRS1	IRS1pS636_639	Akt	AktpT308	TSC2	TSC2pT1462	PRAS40	PRAS40pT246	S6K	S6KpT389	FourEBP1	FourE_BP1pT37_46	IRS1_tot	Akt_tot	TSC2_tot	PRAS40_tot	FourEBP1_tot	S6K_tot	IRS1pS636_639_obs	AktpT308_obs	TSC2pT1462_obs	PRAS40pT246_obs	S6KpT389_obs	FourE_BP1pT37_46_obs	_kIRS1Phos	_kIRS1Dephos	_kAktPhos_km	_kAktPhos_kcat	_kAktDephos	_kTSC2Phos_km	_kTSC2Phos_kcat	_kTSC2Dephos	_kPras40PhosByAkt_km	_kPras40PhosByAkt_kcat	_kPras40Dephos	_kFourEBP1Phos_km	_kFourEBP1Phos_kcat	_kFourEBP1Dephos	_kS6KPhos_km	_kS6KPhos_kcat	_kS6KDephos	_kIRS1Phos_km	_kIRS1Phos_kcat	Insulin
0	1.8394599999999999	0.861333	1.75575	0.48624300000000004	1.49108	0.644957	1.5947799999999999	0.38719000000000003	1.93508	0.395656	0.970103	0.48816899999999996	2.70079	2.242	2.13603	1.98197	1.4582700000000002	2.33073	0.861333	0.48624300000000004	0.644957	0.38719000000000003	0.395656	0.48816899999999996	2500	0.0001	2499.91	269.41	0.20338399999999998	666.955	147.376	0.23079000000000002	1294.32	342.527	0.24762699999999999	1209.46	47.7117	0.0282152	1913.14	89.65799999999999	0.0629302	708.82	3.6461900000000003	1
1	1.83008	0.870708	1.6996	0.5423979999999999	1.47319	0.662846	1.54261	0.439354	1.83255	0.49818	0.9289729999999999	0.529299	2.70079	2.242	2.13603	1.98197	1.4582700000000002	2.33073	0.870708	0.5423979999999999	0.662846	0.439354	0.49818	0.529299	2500	0.0001	2499.91	269.41	0.20338399999999998	666.955	147.376	0.23079000000000002	1294.32	342.527	0.24762699999999999	1209.46	47.7117	0.0282152	1913.14	89.65799999999999	0.0629302	708.82	3.6461900000000003	1
2	1.82076	0.880026	1.6564	0.5856	1.44717	0.688861	1.48394	0.498033	1.7445099999999998	0.586226	0.892033	0.566239	2.70079	2.242	2.13603	1.98197	1.4582700000000002	2.33073	0.880026	0.5856	0.688861	0.498033	0.586226	0.566239	2500	0.0001	2499.91	269.41	0.20338399999999998	666.955	147.376	0.23079000000000002	1294.32	342.527	0.24762699999999999	1209.46	47.7117	0.0282152	1913.14	89.65799999999999	0.0629302	708.82	3.6461900000000003	1
3	1.8115	0.889289	1.6229	0.6191	1.41888	0.717152	1.42615	0.555816	1.66935	0.661381	0.859039	0.599233	2.70079	2.242	2.13603	1.98197	1.4582700000000002	2.33073	0.889289	0.6191	0.717152	0.555816	0.661381	0.599233	2500	0.0001	2499.91	269.41	0.20338399999999998	666.955	147.376	0.23079000000000002	1294.32	342.527	0.24762699999999999	1209.46	47.7117	0.0282152	1913.14	89.65799999999999	0.0629302	708.82	3.6461900000000003	1
4	1.8022900000000002	0.8984979999999999	1.59666	0.645334	1.3915600000000001	0.744472	1.37316	0.608808	1.60537	0.725366	0.829616	0.628656	2.70079	2.242	2.13603	1.98197	1.4582700000000002	2.33073	0.8984979999999999	0.645334	0.744472	0.608808	0.725366	0.628656	2500	0.0001	2499.91	269.41	0.20338399999999998	666.955	147.376	0.23079000000000002	1294.32	342.527	0.24762699999999999	1209.46	47.7117	0.0282152	1913.14	89.65799999999999	0.0629302	708.82	3.6461900000000003	1
5	1.79313	0.9076540000000001	1.57586	0.666132	1.36679	0.769239	1.32661	0.655354	1.55092	0.779817	0.803357	0.6549149999999999	2.70079	2.242	2.13603	1.98197	1.4582700000000002	2.33073	0.9076540000000001	0.666132	0.769239	0.655354	0.779817	0.6549149999999999	2500	0.0001	2499.91	269.41	0.20338399999999998	666.955	147.376	0.23079000000000002	1294.32	342.527	0.24762699999999999	1209.46	47.7117	0.0282152	1913.14	89.65799999999999	0.0629302	708.82	3.6461900000000003	1
6	1.78403	0.916758	1.55914	0.6828609999999999	1.3451600000000001	0.790876	1.28684	0.695125	1.50454	0.8261959999999999	0.779875	0.678397	2.70079	2.242	2.13603	1.98197	1.4582700000000002	2.33073	0.916758	0.6828609999999999	0.790876	0.695125	0.8261959999999999	0.678397	2500	0.0001	2499.91	269.41	0.20338399999999998	666.955	147.376	0.23079000000000002	1294.32	342.527	0.24762699999999999	1209.46	47.7117	0.0282152	1913.14	89.65799999999999	0.0629302	708.82	3.6461900000000003	1
7	1.77498	0.925811	1.54545	0.696543	1.32667	0.809368	1.25346	0.7285050000000001	1.46497	0.865761	0.7588159999999999	0.6994560000000001	2.70079	2.242	2.13603	1.98197	1.4582700000000002	2.33073	0.925811	0.696543	0.809368	0.7285050000000001	0.865761	0.6994560000000001	2500	0.0001	2499.91	269.41	0.20338399999999998	666.955	147.376	0.23079000000000002	1294.32	342.527	0.24762699999999999	1209.46	47.7117	0.0282152	1913.14	89.65799999999999	0.0629302	708.82	3.6461900000000003	1
8	1.7659799999999999	0.9348139999999999	1.53405	0.7079449999999999	1.31105	0.8249790000000001	1.22576	0.75621	1.43115	0.8995799999999999	0.739875	0.7183970000000001	2.70079	2.242	2.13603	1.98197	1.4582700000000002	2.33073	0.9348139999999999	0.7079449999999999	0.8249790000000001	0.75621	0.8995799999999999	0.7183970000000001	2500	0.0001	2499.91	269.41	0.20338399999999998	666.955	147.376	0.23079000000000002	1294.32	342.527	0.24762699999999999	1209.46	47.7117	0.0282152	1913.14	89.65799999999999	0.0629302	708.82	3.6461900000000003	1
9	1.75702	0.943767	1.52436	0.717637	1.2979399999999999	0.838091	1.2029	0.779064	1.40219	0.928544	0.7227899999999999	0.735482	2.70079	2.242	2.13603	1.98197	1.4582700000000002	2.33073	0.943767	0.717637	0.838091	0.779064	0.928544	0.735482	2500	0.0001	2499.91	269.41	0.20338399999999998	666.955	147.376	0.23079000000000002	1294.32	342.527	0.24762699999999999	1209.46	47.7117	0.0282152	1913.14	89.65799999999999	0.0629302	708.82	3.6461900000000003	1
10	1.7481200000000001	0.9526700000000001	1.51595	0.7260449999999999	1.28692	0.849109	1.1840899999999999	0.797875	1.37734	0.9533959999999999	0.707337	0.750935	2.70079	2.242	2.13603	1.98197	1.4582700000000002	2.33073	0.9526700000000001	0.7260449999999999	0.849109	0.797875	0.9533959999999999	0.750935	2500	0.0001	2499.91	269.41	0.20338399999999998	666.955	147.376	0.23079000000000002	1294.32	342.527	0.24762699999999999	1209.46	47.7117	0.0282152	1913.14	89.65799999999999	0.0629302	708.82	3.6461900000000003	1
11	1.7392599999999998	0.961526	1.50851	0.733485	1.27762	0.8584139999999999	1.16859	0.8133739999999999	1.35598	0.9747540000000001	0.69333	0.764942	2.70079	2.242	2.13603	1.98197	1.4582700000000002	2.33073	0.961526	0.733485	0.8584139999999999	0.8133739999999999	0.9747540000000001	0.764942	2500	0.0001	2499.91	269.41	0.20338399999999998	666.955	147.376	0.23079000000000002	1294.32	342.527	0.24762699999999999	1209.46	47.7117	0.0282152	1913.14	89.65799999999999	0.0629302	708.82	3.6461900000000003	1
12	1.7304599999999999	0.970333	1.5018	0.7401939999999999	1.26969	0.866339	1.15577	0.8261940000000001	1.3376	0.993132	0.680606	0.777666	2.70079	2.242	2.13603	1.98197	1.4582700000000002	2.33073	0.970333	0.7401939999999999	0.866339	0.8261940000000001	0.993132	0.777666	2500	0.0001	2499.91	269.41	0.20338399999999998	666.955	147.376	0.23079000000000002	1294.32	342.527	0.24762699999999999	1209.46	47.7117	0.0282152	1913.14	89.65799999999999	0.0629302	708.82	3.6461900000000003	1
13	1.7217	0.979093	1.49565	0.746348	1.2628700000000002	0.873166	1.1451	0.8368680000000001	1.3217700000000001	1.00896	0.66903	0.789242	2.70079	2.242	2.13603	1.98197	1.4582700000000002	2.33073	0.979093	0.746348	0.873166	0.8368680000000001	1.00896	0.789242	2500	0.0001	2499.91	269.41	0.20338399999999998	666.955	147.376	0.23079000000000002	1294.32	342.527	0.24762699999999999	1209.46	47.7117	0.0282152	1913.14	89.65799999999999	0.0629302	708.82	3.6461900000000003	1
14	1.71298	0.9878049999999999	1.4899200000000001	0.752078	1.25691	0.879127	1.13614	0.84583	1.30813	1.0226	0.6584840000000001	0.799788	2.70079	2.242	2.13603	1.98197	1.4582700000000002	2.33073	0.9878049999999999	0.752078	0.879127	0.84583	1.0226	0.799788	2500	0.0001	2499.91	269.41	0.20338399999999998	666.955	147.376	0.23079000000000002	1294.32	342.527	0.24762699999999999	1209.46	47.7117	0.0282152	1913.14	89.65799999999999	0.0629302	708.82	3.6461900000000003	1
15	1.70432	0.9964719999999999	1.48452	0.7574810000000001	1.25163	0.8844069999999999	1.12853	0.853434	1.2963799999999999	1.03435	0.648867	0.809405	2.70079	2.242	2.13603	1.98197	1.4582700000000002	2.33073	0.9964719999999999	0.7574810000000001	0.8844069999999999	0.853434	1.03435	0.809405	2500	0.0001	2499.91	269.41	0.20338399999999998	666.955	147.376	0.23079000000000002	1294.32	342.527	0.24762699999999999	1209.46	47.7117	0.0282152	1913.14	89.65799999999999	0.0629302	708.82	3.6461900000000003	1
16	1.6957	1.00509	1.47937	0.762628	1.24688	0.8891530000000001	1.12201	0.8599620000000001	1.28626	1.04447	0.6400899999999999	0.818182	2.70079	2.242	2.13603	1.98197	1.4582700000000002	2.33073	1.00509	0.762628	0.8891530000000001	0.8599620000000001	1.04447	0.818182	2500	0.0001	2499.91	269.41	0.20338399999999998	666.955	147.376	0.23079000000000002	1294.32	342.527	0.24762699999999999	1209.46	47.7117	0.0282152	1913.14	89.65799999999999	0.0629302	708.82	3.6461900000000003	1
17	1.6871200000000002	1.01367	1.47442	0.767574	1.24255	0.893481	1.1163299999999998	0.8656389999999999	1.27755	1.05318	0.632077	0.8261950000000001	2.70079	2.242	2.13603	1.98197	1.4582700000000002	2.33073	1.01367	0.767574	0.893481	0.8656389999999999	1.05318	0.8261950000000001	2500	0.0001	2499.91	269.41	0.20338399999999998	666.955	147.376	0.23079000000000002	1294.32	342.527	0.24762699999999999	1209.46	47.7117	0.0282152	1913.14	89.65799999999999	0.0629302	708.82	3.6461900000000003	1
18	1.6785900000000002	1.02219	1.46964	0.772359	1.23855	0.8974799999999999	1.11133	0.870642	1.27007	1.06067	0.624758	0.833514	2.70079	2.242	2.13603	1.98197	1.4582700000000002	2.33073	1.02219	0.772359	0.8974799999999999	0.870642	1.06067	0.833514	2500	0.0001	2499.91	269.41	0.20338399999999998	666.955	147.376	0.23079000000000002	1294.32	342.527	0.24762699999999999	1209.46	47.7117	0.0282152	1913.14	89.65799999999999	0.0629302	708.82	3.6461900000000003	1
19	1.6701099999999998	1.0306799999999998	1.46499	0.777011	1.23481	0.9012190000000001	1.10686	0.8751110000000001	1.26366	1.06708	0.618074	0.840198	2.70079	2.242	2.13603	1.98197	1.4582700000000002	2.33073	1.0306799999999998	0.777011	0.9012190000000001	0.8751110000000001	1.06708	0.840198	2500	0.0001	2499.91	269.41	0.20338399999999998	666.955	147.376	0.23079000000000002	1294.32	342.527	0.24762699999999999	1209.46	47.7117	0.0282152	1913.14	89.65799999999999	0.0629302	708.82	3.6461900000000003	1
20	1.66167	1.03912	1.46044	0.781554	1.23128	0.90475	1.10281	0.8791530000000001	1.25817	1.07256	0.611969	0.846303	2.70079	2.242	2.13603	1.98197	1.4582700000000002	2.33073	1.03912	0.781554	0.90475	0.8791530000000001	1.07256	0.846303	2500	0.0001	2499.91	269.41	0.20338399999999998	666.955	147.376	0.23079000000000002	1294.32	342.527	0.24762699999999999	1209.46	47.7117	0.0282152	1913.14	89.65799999999999	0.0629302	708.82	3.6461900000000003	1
21	1.6532799999999999	1.04751	1.45599	0.786004	1.2279200000000001	0.908115	1.09911	0.882856	1.2535100000000001	1.07723	0.606396	0.851876	2.70079	2.242	2.13603	1.98197	1.4582700000000002	2.33073	1.04751	0.786004	0.908115	0.882856	1.07723	0.851876	2500	0.0001	2499.91	269.41	0.20338399999999998	666.955	147.376	0.23079000000000002	1294.32	342.527	0.24762699999999999	1209.46	47.7117	0.0282152	1913.14	89.65799999999999	0.0629302	708.82	3.6461900000000003	1
22	1.64493	1.05586	1.4516200000000001	0.790373	1.22469	0.911343	1.09568	0.886284	1.24955	1.08118	0.601309	0.8569629999999999	2.70079	2.242	2.13603	1.98197	1.4582700000000002	2.33073	1.05586	0.790373	0.911343	0.886284	1.08118	0.8569629999999999	2500	0.0001	2499.91	269.41	0.20338399999999998	666.955	147.376	0.23079000000000002	1294.32	342.527	0.24762699999999999	1209.46	47.7117	0.0282152	1913.14	89.65799999999999	0.0629302	708.82	3.6461900000000003	1
23	1.63662	1.06417	1.44733	0.794671	1.22157	0.914458	1.09248	0.889491	1.24622	1.0845200000000002	0.596669	0.8616030000000001	2.70079	2.242	2.13603	1.98197	1.4582700000000002	2.33073	1.06417	0.794671	0.914458	0.889491	1.0845200000000002	0.8616030000000001	2500	0.0001	2499.91	269.41	0.20338399999999998	666.955	147.376	0.23079000000000002	1294.32	342.527	0.24762699999999999	1209.46	47.7117	0.0282152	1913.14	89.65799999999999	0.0629302	708.82	3.6461900000000003	1
24	1.62836	1.07243	1.44309	0.798904	1.21855	0.917478	1.08945	0.892517	1.24343	1.08731	0.59244	0.8658319999999999	2.70079	2.242	2.13603	1.98197	1.4582700000000002	2.33073	1.07243	0.798904	0.917478	0.892517	1.08731	0.8658319999999999	2500	0.0001	2499.91	269.41	0.20338399999999998	666.955	147.376	0.23079000000000002	1294.32	342.527	0.24762699999999999	1209.46	47.7117	0.0282152	1913.14	89.65799999999999	0.0629302	708.82	3.6461900000000003	1
25	1.62014	1.08065	1.43892	0.803078	1.2156200000000001	0.920417	1.08657	0.895393	1.24112	1.08961	0.588588	0.869684	2.70079	2.242	2.13603	1.98197	1.4582700000000002	2.33073	1.08065	0.803078	0.920417	0.895393	1.08961	0.869684	2500	0.0001	2499.91	269.41	0.20338399999999998	666.955	147.376	0.23079000000000002	1294.32	342.527	0.24762699999999999	1209.46	47.7117	0.0282152	1913.14	89.65799999999999	0.0629302	708.82	3.6461900000000003	1
26	1.6119700000000001	1.0888200000000001	1.4348	0.807196	1.21275	0.923284	1.08382	0.8981459999999999	1.2392299999999998	1.0915	0.585083	0.873189	2.70079	2.242	2.13603	1.98197	1.4582700000000002	2.33073	1.0888200000000001	0.807196	0.923284	0.8981459999999999	1.0915	0.873189	2500	0.0001	2499.91	269.41	0.20338399999999998	666.955	147.376	0.23079000000000002	1294.32	342.527	0.24762699999999999	1209.46	47.7117	0.0282152	1913.14	89.65799999999999	0.0629302	708.82	3.6461900000000003	1
27	1.6038299999999999	1.09696	1.4307299999999998	0.811263	1.20994	0.9260879999999999	1.08117	0.9007930000000001	1.23771	1.09303	0.5818979999999999	0.876374	2.70079	2.242	2.13603	1.98197	1.4582700000000002	2.33073	1.09696	0.811263	0.9260879999999999	0.9007930000000001	1.09303	0.876374	2500	0.0001	2499.91	269.41	0.20338399999999998	666.955	147.376	0.23079000000000002	1294.32	342.527	0.24762699999999999	1209.46	47.7117	0.0282152	1913.14	89.65799999999999	0.0629302	708.82	3.6461900000000003	1
28	1.59574	1.10505	1.42672	0.815281	1.2072	0.9288350000000001	1.0786200000000001	0.903352	1.23651	1.09422	0.5790069999999999	0.879265	2.70079	2.242	2.13603	1.98197	1.4582700000000002	2.33073	1.10505	0.815281	0.9288350000000001	0.903352	1.09422	0.879265	2500	0.0001	2499.91	269.41	0.20338399999999998	666.955	147.376	0.23079000000000002	1294.32	342.527	0.24762699999999999	1209.46	47.7117	0.0282152	1913.14	89.65799999999999	0.0629302	708.82	3.6461900000000003	1
29	1.58769	1.11309	1.42275	0.8192510000000001	1.2045	0.931529	1.07613	0.905833	1.2356	1.09514	0.576387	0.881885	2.70079	2.242	2.13603	1.98197	1.4582700000000002	2.33073	1.11309	0.8192510000000001	0.931529	0.905833	1.09514	0.881885	2500	0.0001	2499.91	269.41	0.20338399999999998	666.955	147.376	0.23079000000000002	1294.32	342.527	0.24762699999999999	1209.46	47.7117	0.0282152	1913.14	89.65799999999999	0.0629302	708.82	3.6461900000000003	1
30	1.57969	1.1211	1.41882	0.823175	1.20186	0.934174	1.07372	0.9082469999999999	1.2349299999999999	1.0958	0.574016	0.8842559999999999	2.70079	2.242	2.13603	1.98197	1.4582700000000002	2.33073	1.1211	0.823175	0.934174	0.9082469999999999	1.0958	0.8842559999999999	2500	0.0001	2499.91	269.41	0.20338399999999998	666.955	147.376	0.23079000000000002	1294.32	342.527	0.24762699999999999	1209.46	47.7117	0.0282152	1913.14	89.65799999999999	0.0629302	708.82	3.6461900000000003	1
31	1.57172	1.12906	1.4149399999999999	0.8270549999999999	1.19926	0.936773	1.0713700000000002	0.910602	1.23448	1.09625	0.571875	0.8863969999999999	2.70079	2.242	2.13603	1.98197	1.4582700000000002	2.33073	1.12906	0.8270549999999999	0.936773	0.910602	1.09625	0.8863969999999999	2500	0.0001	2499.91	269.41	0.20338399999999998	666.955	147.376	0.23079000000000002	1294.32	342.527	0.24762699999999999	1209.46	47.7117	0.0282152	1913.14	89.65799999999999	0.0629302	708.82	3.6461900000000003	1
32	1.5638	1.13699	1.4111	0.830892	1.1967	0.9393290000000001	1.06907	0.912902	1.23422	1.09651	0.569946	0.8883260000000001	2.70079	2.242	2.13603	1.98197	1.4582700000000002	2.33073	1.13699	0.830892	0.9393290000000001	0.912902	1.09651	0.8883260000000001	2500	0.0001	2499.91	269.41	0.20338399999999998	666.955	147.376	0.23079000000000002	1294.32	342.527	0.24762699999999999	1209.46	47.7117	0.0282152	1913.14	89.65799999999999	0.0629302	708.82	3.6461900000000003	1
33	1.55592	1.14487	1.40731	0.8346870000000001	1.1941899999999999	0.941843	1.06681	0.9151540000000001	1.23413	1.0966	0.568211	0.8900610000000001	2.70079	2.242	2.13603	1.98197	1.4582700000000002	2.33073	1.14487	0.8346870000000001	0.941843	0.9151540000000001	1.0966	0.8900610000000001	2500	0.0001	2499.91	269.41	0.20338399999999998	666.955	147.376	0.23079000000000002	1294.32	342.527	0.24762699999999999	1209.46	47.7117	0.0282152	1913.14	89.65799999999999	0.0629302	708.82	3.6461900000000003	1
34	1.54808	1.1527100000000001	1.4035600000000001	0.838441	1.1917200000000001	0.944318	1.06461	0.9173620000000001	1.23419	1.09655	0.566656	0.891616	2.70079	2.242	2.13603	1.98197	1.4582700000000002	2.33073	1.1527100000000001	0.838441	0.944318	0.9173620000000001	1.09655	0.891616	2500	0.0001	2499.91	269.41	0.20338399999999998	666.955	147.376	0.23079000000000002	1294.32	342.527	0.24762699999999999	1209.46	47.7117	0.0282152	1913.14	89.65799999999999	0.0629302	708.82	3.6461900000000003	1
35	1.5402799999999999	1.16051	1.39984	0.8421540000000001	1.18928	0.9467540000000001	1.06244	0.919528	1.23437	1.09636	0.565267	0.8930049999999999	2.70079	2.242	2.13603	1.98197	1.4582700000000002	2.33073	1.16051	0.8421540000000001	0.9467540000000001	0.919528	1.09636	0.8930049999999999	2500	0.0001	2499.91	269.41	0.20338399999999998	666.955	147.376	0.23079000000000002	1294.32	342.527	0.24762699999999999	1209.46	47.7117	0.0282152	1913.14	89.65799999999999	0.0629302	708.82	3.6461900000000003	1
36	1.53252	1.1682700000000001	1.3961700000000001	0.845828	1.18688	0.949152	1.06031	0.9216549999999999	1.2346700000000002	1.09607	0.56403	0.894242	2.70079	2.242	2.13603	1.98197	1.4582700000000002	2.33073	1.1682700000000001	0.845828	0.949152	0.9216549999999999	1.09607	0.894242	2500	0.0001	2499.91	269.41	0.20338399999999998	666.955	147.376	0.23079000000000002	1294.32	342.527	0.24762699999999999	1209.46	47.7117	0.0282152	1913.14	89.65799999999999	0.0629302	708.82	3.6461900000000003	1
37	1.5248	1.17598	1.3925299999999998	0.849462	1.18452	0.951515	1.0582200000000002	0.923746	1.23506	1.09568	0.562933	0.895339	2.70079	2.242	2.13603	1.98197	1.4582700000000002	2.33073	1.17598	0.849462	0.951515	0.923746	1.09568	0.895339	2500	0.0001	2499.91	269.41	0.20338399999999998	666.955	147.376	0.23079000000000002	1294.32	342.527	0.24762699999999999	1209.46	47.7117	0.0282152	1913.14	89.65799999999999	0.0629302	708.82	3.6461900000000003	1
38	1.5171299999999999	1.18366	1.38894	0.853058	1.18219	0.953842	1.05617	0.925803	1.23553	1.0952	0.561966	0.8963059999999999	2.70079	2.242	2.13603	1.98197	1.4582700000000002	2.33073	1.18366	0.853058	0.953842	0.925803	1.0952	0.8963059999999999	2500	0.0001	2499.91	269.41	0.20338399999999998	666.955	147.376	0.23079000000000002	1294.32	342.527	0.24762699999999999	1209.46	47.7117	0.0282152	1913.14	89.65799999999999	0.0629302	708.82	3.6461900000000003	1
39	1.50949	1.1913	1.3853799999999998	0.856617	1.1799	0.9561360000000001	1.0541399999999999	0.9278270000000001	1.2360799999999998	1.09465	0.561117	0.8971549999999999	2.70079	2.242	2.13603	1.98197	1.4582700000000002	2.33073	1.1913	0.856617	0.9561360000000001	0.9278270000000001	1.09465	0.8971549999999999	2500	0.0001	2499.91	269.41	0.20338399999999998	666.955	147.376	0.23079000000000002	1294.32	342.527	0.24762699999999999	1209.46	47.7117	0.0282152	1913.14	89.65799999999999	0.0629302	708.82	3.6461900000000003	1
40	1.50189	1.1989	1.38186	0.860138	1.17764	0.9583950000000001	1.05215	0.9298190000000001	1.23669	1.09404	0.560379	0.897893	2.70079	2.242	2.13603	1.98197	1.4582700000000002	2.33073	1.1989	0.860138	0.9583950000000001	0.9298190000000001	1.09404	0.897893	2500	0.0001	2499.91	269.41	0.20338399999999998	666.955	147.376	0.23079000000000002	1294.32	342.527	0.24762699999999999	1209.46	47.7117	0.0282152	1913.14	89.65799999999999	0.0629302	708.82	3.6461900000000003	1
41	1.49433	1.20646	1.37837	0.8636229999999999	1.17541	0.960622	1.05019	0.931781	1.23736	1.09338	0.5597409999999999	0.898531	2.70079	2.242	2.13603	1.98197	1.4582700000000002	2.33073	1.20646	0.8636229999999999	0.960622	0.931781	1.09338	0.898531	2500	0.0001	2499.91	269.41	0.20338399999999998	666.955	147.376	0.23079000000000002	1294.32	342.527	0.24762699999999999	1209.46	47.7117	0.0282152	1913.14	89.65799999999999	0.0629302	708.82	3.6461900000000003	1
42	1.48681	1.2139799999999998	1.37493	0.867072	1.1732200000000002	0.962817	1.04825	0.9337139999999999	1.23807	1.09266	0.559196	0.899076	2.70079	2.242	2.13603	1.98197	1.4582700000000002	2.33073	1.2139799999999998	0.867072	0.962817	0.9337139999999999	1.09266	0.899076	2500	0.0001	2499.91	269.41	0.20338399999999998	666.955	147.376	0.23079000000000002	1294.32	342.527	0.24762699999999999	1209.46	47.7117	0.0282152	1913.14	89.65799999999999	0.0629302	708.82	3.6461900000000003	1
43	1.47933	1.22146	1.37151	0.8704850000000001	1.17105	0.964981	1.04635	0.9356190000000001	1.2388299999999999	1.09191	0.558736	0.8995360000000001	2.70079	2.242	2.13603	1.98197	1.4582700000000002	2.33073	1.22146	0.8704850000000001	0.964981	0.9356190000000001	1.09191	0.8995360000000001	2500	0.0001	2499.91	269.41	0.20338399999999998	666.955	147.376	0.23079000000000002	1294.32	342.527	0.24762699999999999	1209.46	47.7117	0.0282152	1913.14	89.65799999999999	0.0629302	708.82	3.6461900000000003	1
44	1.47189	1.2289	1.3681299999999998	0.873863	1.1689200000000002	0.967115	1.04447	0.9374959999999999	1.23961	1.09112	0.558355	0.899917	2.70079	2.242	2.13603	1.98197	1.4582700000000002	2.33073	1.2289	0.873863	0.967115	0.9374959999999999	1.09112	0.899917	2500	0.0001	2499.91	269.41	0.20338399999999998	666.955	147.376	0.23079000000000002	1294.32	342.527	0.24762699999999999	1209.46	47.7117	0.0282152	1913.14	89.65799999999999	0.0629302	708.82	3.6461900000000003	1
45	1.46449	1.2363	1.36479	0.877207	1.1668100000000001	0.969218	1.04262	0.9393469999999999	1.24043	1.0903100000000001	0.5580470000000001	0.900225	2.70079	2.242	2.13603	1.98197	1.4582700000000002	2.33073	1.2363	0.877207	0.969218	0.9393469999999999	1.0903100000000001	0.900225	2500	0.0001	2499.91	269.41	0.20338399999999998	666.955	147.376	0.23079000000000002	1294.32	342.527	0.24762699999999999	1209.46	47.7117	0.0282152	1913.14	89.65799999999999	0.0629302	708.82	3.6461900000000003	1
46	1.45713	1.24366	1.36148	0.880516	1.1647399999999999	0.971292	1.0408	0.9411709999999999	1.24127	1.0894700000000002	0.557804	0.900468	2.70079	2.242	2.13603	1.98197	1.4582700000000002	2.33073	1.24366	0.880516	0.971292	0.9411709999999999	1.0894700000000002	0.900468	2500	0.0001	2499.91	269.41	0.20338399999999998	666.955	147.376	0.23079000000000002	1294.32	342.527	0.24762699999999999	1209.46	47.7117	0.0282152	1913.14	89.65799999999999	0.0629302	708.82	3.6461900000000003	1
47	1.4498	1.25099	1.3582	0.883792	1.1627	0.9733379999999999	1.0390000000000001	0.9429709999999999	1.24213	1.08861	0.557623	0.900649	2.70079	2.242	2.13603	1.98197	1.4582700000000002	2.33073	1.25099	0.883792	0.9733379999999999	0.9429709999999999	1.08861	0.900649	2500	0.0001	2499.91	269.41	0.20338399999999998	666.955	147.376	0.23079000000000002	1294.32	342.527	0.24762699999999999	1209.46	47.7117	0.0282152	1913.14	89.65799999999999	0.0629302	708.82	3.6461900000000003	1
48	1.44251	1.2582799999999998	1.35496	0.887035	1.16068	0.975355	1.03722	0.9447450000000001	1.2429999999999999	1.0877299999999999	0.557497	0.900775	2.70079	2.242	2.13603	1.98197	1.4582700000000002	2.33073	1.2582799999999998	0.887035	0.975355	0.9447450000000001	1.0877299999999999	0.900775	2500	0.0001	2499.91	269.41	0.20338399999999998	666.955	147.376	0.23079000000000002	1294.32	342.527	0.24762699999999999	1209.46	47.7117	0.0282152	1913.14	89.65799999999999	0.0629302	708.82	3.6461900000000003	1
49	1.43526	1.2655299999999998	1.35175	0.8902459999999999	1.15869	0.977345	1.0354700000000001	0.9464959999999999	1.24389	1.08684	0.557423	0.900849	2.70079	2.242	2.13603	1.98197	1.4582700000000002	2.33073	1.2655299999999998	0.8902459999999999	0.977345	0.9464959999999999	1.08684	0.900849	2500	0.0001	2499.91	269.41	0.20338399999999998	666.955	147.376	0.23079000000000002	1294.32	342.527	0.24762699999999999	1209.46	47.7117	0.0282152	1913.14	89.65799999999999	0.0629302	708.82	3.6461900000000003	1
50	1.42805	1.27274	1.34857	0.893424	1.15673	0.9793069999999999	1.03375	0.9482229999999999	1.24479	1.08595	0.557396	0.900876	2.70079	2.242	2.13603	1.98197	1.4582700000000002	2.33073	1.27274	0.893424	0.9793069999999999	0.9482229999999999	1.08595	0.900876	2500	0.0001	2499.91	269.41	0.20338399999999998	666.955	147.376	0.23079000000000002	1294.32	342.527	0.24762699999999999	1209.46	47.7117	0.0282152	1913.14	89.65799999999999	0.0629302	708.82	3.6461900000000003	1
51	1.42088	1.27991	1.34543	0.8965709999999999	1.15479	0.981244	1.03204	0.949926	1.2457	1.08504	0.557412	0.90086	2.70079	2.242	2.13603	1.98197	1.4582700000000002	2.33073	1.27991	0.8965709999999999	0.981244	0.949926	1.08504	0.90086	2500	0.0001	2499.91	269.41	0.20338399999999998	666.955	147.376	0.23079000000000002	1294.32	342.527	0.24762699999999999	1209.46	47.7117	0.0282152	1913.14	89.65799999999999	0.0629302	708.82	3.6461900000000003	1
52	1.41374	1.28705	1.3423100000000001	0.8996870000000001	1.15288	0.9831540000000001	1.03036	0.951607	1.24661	1.08413	0.5574680000000001	0.900804	2.70079	2.242	2.13603	1.98197	1.4582700000000002	2.33073	1.28705	0.8996870000000001	0.9831540000000001	0.951607	1.08413	0.900804	2500	0.0001	2499.91	269.41	0.20338399999999998	666.955	147.376	0.23079000000000002	1294.32	342.527	0.24762699999999999	1209.46	47.7117	0.0282152	1913.14	89.65799999999999	0.0629302	708.82	3.6461900000000003	1
53	1.40664	1.29415	1.33923	0.9027709999999999	1.15099	0.9850389999999999	1.0287	0.953266	1.24753	1.08321	0.5575600000000001	0.9007120000000001	2.70079	2.242	2.13603	1.98197	1.4582700000000002	2.33073	1.29415	0.9027709999999999	0.9850389999999999	0.953266	1.08321	0.9007120000000001	2500	0.0001	2499.91	269.41	0.20338399999999998	666.955	147.376	0.23079000000000002	1294.32	342.527	0.24762699999999999	1209.46	47.7117	0.0282152	1913.14	89.65799999999999	0.0629302	708.82	3.6461900000000003	1
54	1.3995799999999998	1.30121	1.33617	0.905825	1.14913	0.9868979999999999	1.0270700000000001	0.9549030000000001	1.24845	1.08229	0.557686	0.9005860000000001	2.70079	2.242	2.13603	1.98197	1.4582700000000002	2.33073	1.30121	0.905825	0.9868979999999999	0.9549030000000001	1.08229	0.9005860000000001	2500	0.0001	2499.91	269.41	0.20338399999999998	666.955	147.376	0.23079000000000002	1294.32	342.527	0.24762699999999999	1209.46	47.7117	0.0282152	1913.14	89.65799999999999	0.0629302	708.82	3.6461900000000003	1
55	1.39255	1.30824	1.33315	0.90885	1.1473	0.988734	1.02545	0.956519	1.24937	1.0813700000000002	0.557841	0.900431	2.70079	2.242	2.13603	1.98197	1.4582700000000002	2.33073	1.30824	0.90885	0.988734	0.956519	1.0813700000000002	0.900431	2500	0.0001	2499.91	269.41	0.20338399999999998	666.955	147.376	0.23079000000000002	1294.32	342.527	0.24762699999999999	1209.46	47.7117	0.0282152	1913.14	89.65799999999999	0.0629302	708.82	3.6461900000000003	1
56	1.3855600000000001	1.31523	1.33015	0.9118440000000001	1.14549	0.9905450000000001	1.02385	0.9581129999999999	1.2502799999999998	1.08045	0.558025	0.9002469999999999	2.70079	2.242	2.13603	1.98197	1.4582700000000002	2.33073	1.31523	0.9118440000000001	0.9905450000000001	0.9581129999999999	1.08045	0.9002469999999999	2500	0.0001	2499.91	269.41	0.20338399999999998	666.955	147.376	0.23079000000000002	1294.32	342.527	0.24762699999999999	1209.46	47.7117	0.0282152	1913.14	89.65799999999999	0.0629302	708.82	3.6461900000000003	1
57	1.3786100000000001	1.32218	1.3271899999999999	0.91481	1.1437	0.992333	1.0222799999999999	0.9596879999999999	1.2512	1.0795299999999999	0.558233	0.9000389999999999	2.70079	2.242	2.13603	1.98197	1.4582700000000002	2.33073	1.32218	0.91481	0.992333	0.9596879999999999	1.0795299999999999	0.9000389999999999	2500	0.0001	2499.91	269.41	0.20338399999999998	666.955	147.376	0.23079000000000002	1294.32	342.527	0.24762699999999999	1209.46	47.7117	0.0282152	1913.14	89.65799999999999	0.0629302	708.82	3.6461900000000003	1
58	1.3716899999999999	1.3291	1.32425	0.917746	1.14194	0.9940969999999999	1.02073	0.961242	1.2521200000000001	1.0786200000000001	0.5584640000000001	0.8998079999999999	2.70079	2.242	2.13603	1.98197	1.4582700000000002	2.33073	1.3291	0.917746	0.9940969999999999	0.961242	1.0786200000000001	0.8998079999999999	2500	0.0001	2499.91	269.41	0.20338399999999998	666.955	147.376	0.23079000000000002	1294.32	342.527	0.24762699999999999	1209.46	47.7117	0.0282152	1913.14	89.65799999999999	0.0629302	708.82	3.6461900000000003	1
59	1.36481	1.33598	1.32134	0.9206540000000001	1.14019	0.9958389999999999	1.01919	0.9627760000000001	1.2530299999999999	1.07771	0.558717	0.8995549999999999	2.70079	2.242	2.13603	1.98197	1.4582700000000002	2.33073	1.33598	0.9206540000000001	0.9958389999999999	0.9627760000000001	1.07771	0.8995549999999999	2500	0.0001	2499.91	269.41	0.20338399999999998	666.955	147.376	0.23079000000000002	1294.32	342.527	0.24762699999999999	1209.46	47.7117	0.0282152	1913.14	89.65799999999999	0.0629302	708.82	3.6461900000000003	1
60	1.3579700000000001	1.3428200000000001	1.31846	0.923535	1.13847	0.997558	1.01768	0.964291	1.25393	1.0768	0.558988	0.899284	2.70079	2.242	2.13603	1.98197	1.4582700000000002	2.33073	1.3428200000000001	0.923535	0.997558	0.964291	1.0768	0.899284	2500	0.0001	2499.91	269.41	0.20338399999999998	666.955	147.376	0.23079000000000002	1294.32	342.527	0.24762699999999999	1209.46	47.7117	0.0282152	1913.14	89.65799999999999	0.0629302	708.82	3.6461900000000003	1
61	1.3511600000000001	1.3496299999999999	1.31561	0.9263870000000001	1.13678	0.9992559999999999	1.0161799999999999	0.9657870000000001	1.25484	1.0759	0.559276	0.8989959999999999	2.70079	2.242	2.13603	1.98197	1.4582700000000002	2.33073	1.3496299999999999	0.9263870000000001	0.9992559999999999	0.9657870000000001	1.0759	0.8989959999999999	2500	0.0001	2499.91	269.41	0.20338399999999998	666.955	147.376	0.23079000000000002	1294.32	342.527	0.24762699999999999	1209.46	47.7117	0.0282152	1913.14	89.65799999999999	0.0629302	708.82	3.6461900000000003	1
62	1.34438	1.3564100000000001	1.3127799999999998	0.929212	1.1351	1.0009299999999999	1.0147	0.9672639999999999	1.25573	1.075	0.55958	0.898692	2.70079	2.242	2.13603	1.98197	1.4582700000000002	2.33073	1.3564100000000001	0.929212	1.0009299999999999	0.9672639999999999	1.075	0.898692	2500	0.0001	2499.91	269.41	0.20338399999999998	666.955	147.376	0.23079000000000002	1294.32	342.527	0.24762699999999999	1209.46	47.7117	0.0282152	1913.14	89.65799999999999	0.0629302	708.82	3.6461900000000003	1
63	1.33764	1.36315	1.30999	0.93201	1.13345	1.0025899999999999	1.01325	0.968723	1.25663	1.0741100000000001	0.559898	0.898374	2.70079	2.242	2.13603	1.98197	1.4582700000000002	2.33073	1.36315	0.93201	1.0025899999999999	0.968723	1.0741100000000001	0.898374	2500	0.0001	2499.91	269.41	0.20338399999999998	666.955	147.376	0.23079000000000002	1294.32	342.527	0.24762699999999999	1209.46	47.7117	0.0282152	1913.14	89.65799999999999	0.0629302	708.82	3.6461900000000003	1
64	1.33094	1.36985	1.30722	0.934782	1.13181	1.0042200000000001	1.0118	0.9701639999999999	1.2575100000000001	1.07322	0.560229	0.898043	2.70079	2.242	2.13603	1.98197	1.4582700000000002	2.33073	1.36985	0.934782	1.0042200000000001	0.9701639999999999	1.07322	0.898043	2500	0.0001	2499.91	269.41	0.20338399999999998	666.955	147.376	0.23079000000000002	1294.32	342.527	0.24762699999999999	1209.46	47.7117	0.0282152	1913.14	89.65799999999999	0.0629302	708.82	3.6461900000000003	1
65	1.32427	1.37652	1.30447	0.937527	1.1302	1.00583	1.0103799999999998	0.9715860000000001	1.25839	1.07235	0.560571	0.897701	2.70079	2.242	2.13603	1.98197	1.4582700000000002	2.33073	1.37652	0.937527	1.00583	0.9715860000000001	1.07235	0.897701	2500	0.0001	2499.91	269.41	0.20338399999999998	666.955	147.376	0.23079000000000002	1294.32	342.527	0.24762699999999999	1209.46	47.7117	0.0282152	1913.14	89.65799999999999	0.0629302	708.82	3.6461900000000003	1
66	1.31764	1.38315	1.30175	0.9402459999999999	1.1286	1.0074299999999998	1.00898	0.972992	1.25926	1.0714700000000001	0.560923	0.897349	2.70079	2.242	2.13603	1.98197	1.4582700000000002	2.33073	1.38315	0.9402459999999999	1.0074299999999998	0.972992	1.0714700000000001	0.897349	2500	0.0001	2499.91	269.41	0.20338399999999998	666.955	147.376	0.23079000000000002	1294.32	342.527	0.24762699999999999	1209.46	47.7117	0.0282152	1913.14	89.65799999999999	0.0629302	708.82	3.6461900000000003	1
67	1.31104	1.38975	1.29906	0.94294	1.12703	1.0090000000000001	1.00759	0.9743799999999999	1.2601200000000001	1.07061	0.561285	0.8969870000000001	2.70079	2.242	2.13603	1.98197	1.4582700000000002	2.33073	1.38975	0.94294	1.0090000000000001	0.9743799999999999	1.07061	0.8969870000000001	2500	0.0001	2499.91	269.41	0.20338399999999998	666.955	147.376	0.23079000000000002	1294.32	342.527	0.24762699999999999	1209.46	47.7117	0.0282152	1913.14	89.65799999999999	0.0629302	708.82	3.6461900000000003	1
68	1.30447	1.39632	1.29639	0.945608	1.12548	1.0105600000000001	1.0062200000000001	0.9757520000000001	1.26098	1.06975	0.561654	0.896618	2.70079	2.242	2.13603	1.98197	1.4582700000000002	2.33073	1.39632	0.945608	1.0105600000000001	0.9757520000000001	1.06975	0.896618	2500	0.0001	2499.91	269.41	0.20338399999999998	666.955	147.376	0.23079000000000002	1294.32	342.527	0.24762699999999999	1209.46	47.7117	0.0282152	1913.14	89.65799999999999	0.0629302	708.82	3.6461900000000003	1
69	1.2979399999999999	1.40285	1.29375	0.9482510000000001	1.12394	1.01209	1.00486	0.977107	1.26183	1.0689	0.5620310000000001	0.896241	2.70079	2.242	2.13603	1.98197	1.4582700000000002	2.33073	1.40285	0.9482510000000001	1.01209	0.977107	1.0689	0.896241	2500	0.0001	2499.91	269.41	0.20338399999999998	666.955	147.376	0.23079000000000002	1294.32	342.527	0.24762699999999999	1209.46	47.7117	0.0282152	1913.14	89.65799999999999	0.0629302	708.82	3.6461900000000003	1
70	1.29144	1.40935	1.2911299999999999	0.9508700000000001	1.12242	1.0136100000000001	1.00352	0.9784450000000001	1.2626700000000002	1.06806	0.562413	0.895859	2.70079	2.242	2.13603	1.98197	1.4582700000000002	2.33073	1.40935	0.9508700000000001	1.0136100000000001	0.9784450000000001	1.06806	0.895859	2500	0.0001	2499.91	269.41	0.20338399999999998	666.955	147.376	0.23079000000000002	1294.32	342.527	0.24762699999999999	1209.46	47.7117	0.0282152	1913.14	89.65799999999999	0.0629302	708.82	3.6461900000000003	1
71	1.28498	1.41581	1.28853	0.953465	1.1209200000000001	1.01511	1.0022	0.9797680000000001	1.2635100000000001	1.06723	0.562802	0.8954700000000001	2.70079	2.242	2.13603	1.98197	1.4582700000000002	2.33073	1.41581	0.953465	1.01511	0.9797680000000001	1.06723	0.8954700000000001	2500	0.0001	2499.91	269.41	0.20338399999999998	666.955	147.376	0.23079000000000002	1294.32	342.527	0.24762699999999999	1209.46	47.7117	0.0282152	1913.14	89.65799999999999	0.0629302	708.82	3.6461900000000003	1
72	1.27855	1.42224	1.28596	0.9560350000000001	1.11944	1.0165899999999999	1.00089	0.981075	1.26434	1.0664	0.563195	0.895077	2.70079	2.242	2.13603	1.98197	1.4582700000000002	2.33073	1.42224	0.9560350000000001	1.0165899999999999	0.981075	1.0664	0.895077	2500	0.0001	2499.91	269.41	0.20338399999999998	666.955	147.376	0.23079000000000002	1294.32	342.527	0.24762699999999999	1209.46	47.7117	0.0282152	1913.14	89.65799999999999	0.0629302	708.82	3.6461900000000003	1
73	1.27215	1.42864	1.28342	0.9585819999999999	1.11798	1.01805	0.9996010000000001	0.982367	1.26515	1.06558	0.563592	0.8946799999999999	2.70079	2.242	2.13603	1.98197	1.4582700000000002	2.33073	1.42864	0.9585819999999999	1.01805	0.982367	1.06558	0.8946799999999999	2500	0.0001	2499.91	269.41	0.20338399999999998	666.955	147.376	0.23079000000000002	1294.32	342.527	0.24762699999999999	1209.46	47.7117	0.0282152	1913.14	89.65799999999999	0.0629302	708.82	3.6461900000000003	1
74	1.26579	1.435	1.2808899999999999	0.9611049999999999	1.1165399999999999	1.0195	0.998325	0.983643	1.26597	1.06477	0.5639930000000001	0.894279	2.70079	2.242	2.13603	1.98197	1.4582700000000002	2.33073	1.435	0.9611049999999999	1.0195	0.983643	1.06477	0.894279	2500	0.0001	2499.91	269.41	0.20338399999999998	666.955	147.376	0.23079000000000002	1294.32	342.527	0.24762699999999999	1209.46	47.7117	0.0282152	1913.14	89.65799999999999	0.0629302	708.82	3.6461900000000003	1
75	1.25946	1.44133	1.27839	0.9636049999999999	1.11511	1.02093	0.997064	0.9849040000000001	1.2667700000000002	1.06397	0.564396	0.893876	2.70079	2.242	2.13603	1.98197	1.4582700000000002	2.33073	1.44133	0.9636049999999999	1.02093	0.9849040000000001	1.06397	0.893876	2500	0.0001	2499.91	269.41	0.20338399999999998	666.955	147.376	0.23079000000000002	1294.32	342.527	0.24762699999999999	1209.46	47.7117	0.0282152	1913.14	89.65799999999999	0.0629302	708.82	3.6461900000000003	1
76	1.25316	1.44763	1.2759200000000002	0.966082	1.1137	1.02234	0.995817	0.986151	1.26757	1.0631700000000002	0.564802	0.8934700000000001	2.70079	2.242	2.13603	1.98197	1.4582700000000002	2.33073	1.44763	0.966082	1.02234	0.986151	1.0631700000000002	0.8934700000000001	2500	0.0001	2499.91	269.41	0.20338399999999998	666.955	147.376	0.23079000000000002	1294.32	342.527	0.24762699999999999	1209.46	47.7117	0.0282152	1913.14	89.65799999999999	0.0629302	708.82	3.6461900000000003	1
77	1.24689	1.45389	1.27346	0.9685370000000001	1.1123	1.02373	0.994585	0.987383	1.26835	1.0623799999999999	0.56521	0.8930620000000001	2.70079	2.242	2.13603	1.98197	1.4582700000000002	2.33073	1.45389	0.9685370000000001	1.02373	0.987383	1.0623799999999999	0.8930620000000001	2500	0.0001	2499.91	269.41	0.20338399999999998	666.955	147.376	0.23079000000000002	1294.32	342.527	0.24762699999999999	1209.46	47.7117	0.0282152	1913.14	89.65799999999999	0.0629302	708.82	3.6461900000000003	1
78	1.24066	1.46013	1.2710299999999999	0.9709690000000001	1.1109200000000001	1.02511	0.993368	0.9886	1.2691299999999999	1.0616	0.56562	0.892652	2.70079	2.242	2.13603	1.98197	1.4582700000000002	2.33073	1.46013	0.9709690000000001	1.02511	0.9886	1.0616	0.892652	2500	0.0001	2499.91	269.41	0.20338399999999998	666.955	147.376	0.23079000000000002	1294.32	342.527	0.24762699999999999	1209.46	47.7117	0.0282152	1913.14	89.65799999999999	0.0629302	708.82	3.6461900000000003	1
79	1.2344600000000001	1.46633	1.26862	0.9733790000000001	1.10956	1.02647	0.9921639999999999	0.9898040000000001	1.26991	1.06083	0.56603	0.892242	2.70079	2.242	2.13603	1.98197	1.4582700000000002	2.33073	1.46633	0.9733790000000001	1.02647	0.9898040000000001	1.06083	0.892242	2500	0.0001	2499.91	269.41	0.20338399999999998	666.955	147.376	0.23079000000000002	1294.32	342.527	0.24762699999999999	1209.46	47.7117	0.0282152	1913.14	89.65799999999999	0.0629302	708.82	3.6461900000000003	1
80	1.2283	1.4724899999999999	1.26623	0.975767	1.1082100000000001	1.0278200000000002	0.990974	0.990994	1.27067	1.06006	0.566441	0.8918309999999999	2.70079	2.242	2.13603	1.98197	1.4582700000000002	2.33073	1.4724899999999999	0.975767	1.0278200000000002	0.990994	1.06006	0.8918309999999999	2500	0.0001	2499.91	269.41	0.20338399999999998	666.955	147.376	0.23079000000000002	1294.32	342.527	0.24762699999999999	1209.46	47.7117	0.0282152	1913.14	89.65799999999999	0.0629302	708.82	3.6461900000000003	1
81	1.2221600000000001	1.4786299999999999	1.26386	0.9781340000000001	1.1068799999999999	1.02915	0.989798	0.9921700000000001	1.2714299999999998	1.05931	0.5668529999999999	0.8914190000000001	2.70079	2.242	2.13603	1.98197	1.4582700000000002	2.33073	1.4786299999999999	0.9781340000000001	1.02915	0.9921700000000001	1.05931	0.8914190000000001	2500	0.0001	2499.91	269.41	0.20338399999999998	666.955	147.376	0.23079000000000002	1294.32	342.527	0.24762699999999999	1209.46	47.7117	0.0282152	1913.14	89.65799999999999	0.0629302	708.82	3.6461900000000003	1
82	1.2160600000000001	1.4847299999999999	1.26152	0.9804799999999999	1.1055700000000002	1.03047	0.988635	0.993333	1.2721799999999999	1.05856	0.567264	0.891008	2.70079	2.242	2.13603	1.98197	1.4582700000000002	2.33073	1.4847299999999999	0.9804799999999999	1.03047	0.993333	1.05856	0.891008	2500	0.0001	2499.91	269.41	0.20338399999999998	666.955	147.376	0.23079000000000002	1294.32	342.527	0.24762699999999999	1209.46	47.7117	0.0282152	1913.14	89.65799999999999	0.0629302	708.82	3.6461900000000003	1
83	1.2099799999999998	1.4908	1.25919	0.9828049999999999	1.10426	1.03177	0.9874850000000001	0.994483	1.27292	1.05782	0.567675	0.890597	2.70079	2.242	2.13603	1.98197	1.4582700000000002	2.33073	1.4908	0.9828049999999999	1.03177	0.994483	1.05782	0.890597	2500	0.0001	2499.91	269.41	0.20338399999999998	666.955	147.376	0.23079000000000002	1294.32	342.527	0.24762699999999999	1209.46	47.7117	0.0282152	1913.14	89.65799999999999	0.0629302	708.82	3.6461900000000003	1
84	1.20394	1.49684	1.25689	0.985109	1.1029799999999998	1.03305	0.986348	0.9956200000000001	1.27365	1.05708	0.568086	0.890186	2.70079	2.242	2.13603	1.98197	1.4582700000000002	2.33073	1.49684	0.985109	1.03305	0.9956200000000001	1.05708	0.890186	2500	0.0001	2499.91	269.41	0.20338399999999998	666.955	147.376	0.23079000000000002	1294.32	342.527	0.24762699999999999	1209.46	47.7117	0.0282152	1913.14	89.65799999999999	0.0629302	708.82	3.6461900000000003	1
85	1.19794	1.50285	1.2546	0.987392	1.10171	1.03433	0.985223	0.9967450000000001	1.2743799999999998	1.05636	0.568496	0.889776	2.70079	2.242	2.13603	1.98197	1.4582700000000002	2.33073	1.50285	0.987392	1.03433	0.9967450000000001	1.05636	0.889776	2500	0.0001	2499.91	269.41	0.20338399999999998	666.955	147.376	0.23079000000000002	1294.32	342.527	0.24762699999999999	1209.46	47.7117	0.0282152	1913.14	89.65799999999999	0.0629302	708.82	3.6461900000000003	1
86	1.1919600000000001	1.50883	1.25234	0.989655	1.10045	1.03558	0.9841120000000001	0.997856	1.2751	1.05564	0.568905	0.889367	2.70079	2.242	2.13603	1.98197	1.4582700000000002	2.33073	1.50883	0.989655	1.03558	0.997856	1.05564	0.889367	2500	0.0001	2499.91	269.41	0.20338399999999998	666.955	147.376	0.23079000000000002	1294.32	342.527	0.24762699999999999	1209.46	47.7117	0.0282152	1913.14	89.65799999999999	0.0629302	708.82	3.6461900000000003	1
87	1.18601	1.51478	1.2501	0.991898	1.09921	1.03683	0.9830120000000001	0.998956	1.27581	1.05492	0.569312	0.8889600000000001	2.70079	2.242	2.13603	1.98197	1.4582700000000002	2.33073	1.51478	0.991898	1.03683	0.998956	1.05492	0.8889600000000001	2500	0.0001	2499.91	269.41	0.20338399999999998	666.955	147.376	0.23079000000000002	1294.32	342.527	0.24762699999999999	1209.46	47.7117	0.0282152	1913.14	89.65799999999999	0.0629302	708.82	3.6461900000000003	1
88	1.1801	1.5206899999999999	1.2478799999999999	0.994122	1.09798	1.03806	0.981925	1.00004	1.27652	1.0542200000000002	0.569719	0.888553	2.70079	2.242	2.13603	1.98197	1.4582700000000002	2.33073	1.5206899999999999	0.994122	1.03806	1.00004	1.0542200000000002	0.888553	2500	0.0001	2499.91	269.41	0.20338399999999998	666.955	147.376	0.23079000000000002	1294.32	342.527	0.24762699999999999	1209.46	47.7117	0.0282152	1913.14	89.65799999999999	0.0629302	708.82	3.6461900000000003	1
89	1.17421	1.5265799999999998	1.24567	0.996326	1.09676	1.0392700000000001	0.98085	1.00112	1.27722	1.05352	0.570124	0.8881479999999999	2.70079	2.242	2.13603	1.98197	1.4582700000000002	2.33073	1.5265799999999998	0.996326	1.0392700000000001	1.00112	1.05352	0.8881479999999999	2500	0.0001	2499.91	269.41	0.20338399999999998	666.955	147.376	0.23079000000000002	1294.32	342.527	0.24762699999999999	1209.46	47.7117	0.0282152	1913.14	89.65799999999999	0.0629302	708.82	3.6461900000000003	1
90	1.16836	1.53243	1.24349	0.99851	1.09556	1.04047	0.979786	1.0021799999999998	1.27791	1.05283	0.570527	0.8877450000000001	2.70079	2.242	2.13603	1.98197	1.4582700000000002	2.33073	1.53243	0.99851	1.04047	1.0021799999999998	1.05283	0.8877450000000001	2500	0.0001	2499.91	269.41	0.20338399999999998	666.955	147.376	0.23079000000000002	1294.32	342.527	0.24762699999999999	1209.46	47.7117	0.0282152	1913.14	89.65799999999999	0.0629302	708.82	3.6461900000000003	1
91	1.1625299999999998	1.53826	1.24132	1.00068	1.09437	1.04166	0.978735	1.0032299999999998	1.27859	1.0521399999999999	0.570928	0.887344	2.70079	2.242	2.13603	1.98197	1.4582700000000002	2.33073	1.53826	1.00068	1.04166	1.0032299999999998	1.0521399999999999	0.887344	2500	0.0001	2499.91	269.41	0.20338399999999998	666.955	147.376	0.23079000000000002	1294.32	342.527	0.24762699999999999	1209.46	47.7117	0.0282152	1913.14	89.65799999999999	0.0629302	708.82	3.6461900000000003	1
92	1.1567399999999999	1.54405	1.23917	1.00282	1.0931899999999999	1.04284	0.9776940000000001	1.00427	1.2792700000000001	1.0514700000000001	0.571327	0.8869450000000001	2.70079	2.242	2.13603	1.98197	1.4582700000000002	2.33073	1.54405	1.00282	1.04284	1.00427	1.0514700000000001	0.8869450000000001	2500	0.0001	2499.91	269.41	0.20338399999999998	666.955	147.376	0.23079000000000002	1294.32	342.527	0.24762699999999999	1209.46	47.7117	0.0282152	1913.14	89.65799999999999	0.0629302	708.82	3.6461900000000003	1
93	1.15098	1.5498100000000001	1.23705	1.00495	1.0920299999999998	1.044	0.976665	1.0053	1.2799399999999999	1.0508	0.571725	0.886547	2.70079	2.242	2.13603	1.98197	1.4582700000000002	2.33073	1.5498100000000001	1.00495	1.044	1.0053	1.0508	0.886547	2500	0.0001	2499.91	269.41	0.20338399999999998	666.955	147.376	0.23079000000000002	1294.32	342.527	0.24762699999999999	1209.46	47.7117	0.0282152	1913.14	89.65799999999999	0.0629302	708.82	3.6461900000000003	1
94	1.14524	1.55554	1.23494	1.00706	1.0908799999999998	1.04515	0.9756469999999999	1.00632	1.2806	1.05013	0.57212	0.886152	2.70079	2.242	2.13603	1.98197	1.4582700000000002	2.33073	1.55554	1.00706	1.04515	1.00632	1.05013	0.886152	2500	0.0001	2499.91	269.41	0.20338399999999998	666.955	147.376	0.23079000000000002	1294.32	342.527	0.24762699999999999	1209.46	47.7117	0.0282152	1913.14	89.65799999999999	0.0629302	708.82	3.6461900000000003	1
95	1.13954	1.56125	1.23285	1.00915	1.08974	1.04629	0.97464	1.0073299999999998	1.28126	1.04948	0.572513	0.885759	2.70079	2.242	2.13603	1.98197	1.4582700000000002	2.33073	1.56125	1.00915	1.04629	1.0073299999999998	1.04948	0.885759	2500	0.0001	2499.91	269.41	0.20338399999999998	666.955	147.376	0.23079000000000002	1294.32	342.527	0.24762699999999999	1209.46	47.7117	0.0282152	1913.14	89.65799999999999	0.0629302	708.82	3.6461900000000003	1
96	1.1338700000000002	1.56692	1.2307700000000001	1.01122	1.0886200000000001	1.04742	0.9736440000000001	1.00832	1.28191	1.04883	0.5729029999999999	0.8853690000000001	2.70079	2.242	2.13603	1.98197	1.4582700000000002	2.33073	1.56692	1.01122	1.04742	1.00832	1.04883	0.8853690000000001	2500	0.0001	2499.91	269.41	0.20338399999999998	666.955	147.376	0.23079000000000002	1294.32	342.527	0.24762699999999999	1209.46	47.7117	0.0282152	1913.14	89.65799999999999	0.0629302	708.82	3.6461900000000003	1
97	1.12822	1.57257	1.22872	1.01328	1.0875	1.04853	0.972658	1.00931	1.28255	1.04818	0.573292	0.8849799999999999	2.70079	2.242	2.13603	1.98197	1.4582700000000002	2.33073	1.57257	1.01328	1.04853	1.00931	1.04818	0.8849799999999999	2500	0.0001	2499.91	269.41	0.20338399999999998	666.955	147.376	0.23079000000000002	1294.32	342.527	0.24762699999999999	1209.46	47.7117	0.0282152	1913.14	89.65799999999999	0.0629302	708.82	3.6461900000000003	1
98	1.12261	1.57818	1.22668	1.01532	1.0864	1.0496299999999998	0.971683	1.01029	1.28319	1.04754	0.573677	0.884595	2.70079	2.242	2.13603	1.98197	1.4582700000000002	2.33073	1.57818	1.01532	1.0496299999999998	1.01029	1.04754	0.884595	2500	0.0001	2499.91	269.41	0.20338399999999998	666.955	147.376	0.23079000000000002	1294.32	342.527	0.24762699999999999	1209.46	47.7117	0.0282152	1913.14	89.65799999999999	0.0629302	708.82	3.6461900000000003	1
99	1.1170200000000001	1.5837700000000001	1.22466	1.01734	1.08531	1.05072	0.9707180000000001	1.01125	1.2838200000000002	1.04691	0.5740609999999999	0.8842110000000001	2.70079	2.242	2.13603	1.98197	1.4582700000000002	2.33073	1.5837700000000001	1.01734	1.05072	1.01125	1.04691	0.8842110000000001	2500	0.0001	2499.91	269.41	0.20338399999999998	666.955	147.376	0.23079000000000002	1294.32	342.527	0.24762699999999999	1209.46	47.7117	0.0282152	1913.14	89.65799999999999	0.0629302	708.82	3.6461900000000003	1
100	1.1114700000000002	1.58932	1.22266	1.01934	1.08423	1.0518	0.9697629999999999	1.0122	1.28445	1.04629	0.574441	0.8838309999999999	2.70079	2.242	2.13603	1.98197	1.4582700000000002	2.33073	1.58932	1.01934	1.0518	1.0122	1.04629	0.8838309999999999	2500	0.0001	2499.91	269.41	0.20338399999999998	666.955	147.376	0.23079000000000002	1294.32	342.527	0.24762699999999999	1209.46	47.7117	0.0282152	1913.14	89.65799999999999	0.0629302	708.82	3.6461900000000003	1
101	1.10594	1.59485	1.2206700000000001	1.0213299999999998	1.0831600000000001	1.05287	0.9688180000000001	1.01315	1.2850700000000002	1.04567	0.574819	0.883453	2.70079	2.242	2.13603	1.98197	1.4582700000000002	2.33073	1.59485	1.0213299999999998	1.05287	1.01315	1.04567	0.883453	2500	0.0001	2499.91	269.41	0.20338399999999998	666.955	147.376	0.23079000000000002	1294.32	342.527	0.24762699999999999	1209.46	47.7117	0.0282152	1913.14	89.65799999999999	0.0629302	708.82	3.6461900000000003	1
102	1.1004399999999999	1.60035	1.2187	1.0233	1.0821100000000001	1.05392	0.9678829999999999	1.0140799999999999	1.28568	1.04506	0.575195	0.883077	2.70079	2.242	2.13603	1.98197	1.4582700000000002	2.33073	1.60035	1.0233	1.05392	1.0140799999999999	1.04506	0.883077	2500	0.0001	2499.91	269.41	0.20338399999999998	666.955	147.376	0.23079000000000002	1294.32	342.527	0.24762699999999999	1209.46	47.7117	0.0282152	1913.14	89.65799999999999	0.0629302	708.82	3.6461900000000003	1
103	1.09497	1.60582	1.21675	1.02525	1.0810600000000001	1.05497	0.966958	1.01501	1.28629	1.04445	0.575567	0.882705	2.70079	2.242	2.13603	1.98197	1.4582700000000002	2.33073	1.60582	1.02525	1.05497	1.01501	1.04445	0.882705	2500	0.0001	2499.91	269.41	0.20338399999999998	666.955	147.376	0.23079000000000002	1294.32	342.527	0.24762699999999999	1209.46	47.7117	0.0282152	1913.14	89.65799999999999	0.0629302	708.82	3.6461900000000003	1
104	1.0895299999999999	1.6112600000000001	1.21481	1.02718	1.0800299999999998	1.056	0.966042	1.01593	1.2868899999999999	1.04385	0.575937	0.8823350000000001	2.70079	2.242	2.13603	1.98197	1.4582700000000002	2.33073	1.6112600000000001	1.02718	1.056	1.01593	1.04385	0.8823350000000001	2500	0.0001	2499.91	269.41	0.20338399999999998	666.955	147.376	0.23079000000000002	1294.32	342.527	0.24762699999999999	1209.46	47.7117	0.0282152	1913.14	89.65799999999999	0.0629302	708.82	3.6461900000000003	1
105	1.0841100000000001	1.61668	1.21289	1.0291	1.07901	1.05703	0.9651360000000001	1.01683	1.28748	1.04325	0.5763050000000001	0.8819670000000001	2.70079	2.242	2.13603	1.98197	1.4582700000000002	2.33073	1.61668	1.0291	1.05703	1.01683	1.04325	0.8819670000000001	2500	0.0001	2499.91	269.41	0.20338399999999998	666.955	147.376	0.23079000000000002	1294.32	342.527	0.24762699999999999	1209.46	47.7117	0.0282152	1913.14	89.65799999999999	0.0629302	708.82	3.6461900000000003	1
106	1.07873	1.62206	1.21099	1.03101	1.07799	1.0580399999999999	0.964239	1.01773	1.28807	1.0426600000000001	0.576669	0.881603	2.70079	2.242	2.13603	1.98197	1.4582700000000002	2.33073	1.62206	1.03101	1.0580399999999999	1.01773	1.0426600000000001	0.881603	2500	0.0001	2499.91	269.41	0.20338399999999998	666.955	147.376	0.23079000000000002	1294.32	342.527	0.24762699999999999	1209.46	47.7117	0.0282152	1913.14	89.65799999999999	0.0629302	708.82	3.6461900000000003	1
107	1.0733700000000002	1.62742	1.2091	1.0328899999999999	1.07699	1.05904	0.9633520000000001	1.01862	1.28865	1.04208	0.5770310000000001	0.8812409999999999	2.70079	2.242	2.13603	1.98197	1.4582700000000002	2.33073	1.62742	1.0328899999999999	1.05904	1.01862	1.04208	0.8812409999999999	2500	0.0001	2499.91	269.41	0.20338399999999998	666.955	147.376	0.23079000000000002	1294.32	342.527	0.24762699999999999	1209.46	47.7117	0.0282152	1913.14	89.65799999999999	0.0629302	708.82	3.6461900000000003	1
108	1.0680399999999999	1.63275	1.20723	1.03477	1.0759999999999998	1.06003	0.9624729999999999	1.0195	1.2892299999999999	1.0415	0.57739	0.8808819999999999	2.70079	2.242	2.13603	1.98197	1.4582700000000002	2.33073	1.63275	1.03477	1.06003	1.0195	1.0415	0.8808819999999999	2500	0.0001	2499.91	269.41	0.20338399999999998	666.955	147.376	0.23079000000000002	1294.32	342.527	0.24762699999999999	1209.46	47.7117	0.0282152	1913.14	89.65799999999999	0.0629302	708.82	3.6461900000000003	1
109	1.06274	1.63805	1.20537	1.03662	1.07502	1.06102	0.9616030000000001	1.02036	1.2898	1.04093	0.577746	0.880526	2.70079	2.242	2.13603	1.98197	1.4582700000000002	2.33073	1.63805	1.03662	1.06102	1.02036	1.04093	0.880526	2500	0.0001	2499.91	269.41	0.20338399999999998	666.955	147.376	0.23079000000000002	1294.32	342.527	0.24762699999999999	1209.46	47.7117	0.0282152	1913.14	89.65799999999999	0.0629302	708.82	3.6461900000000003	1
110	1.05746	1.64333	1.20353	1.03846	1.07405	1.06199	0.960742	1.0212299999999999	1.29037	1.04036	0.578099	0.880173	2.70079	2.242	2.13603	1.98197	1.4582700000000002	2.33073	1.64333	1.03846	1.06199	1.0212299999999999	1.04036	0.880173	2500	0.0001	2499.91	269.41	0.20338399999999998	666.955	147.376	0.23079000000000002	1294.32	342.527	0.24762699999999999	1209.46	47.7117	0.0282152	1913.14	89.65799999999999	0.0629302	708.82	3.6461900000000003	1
111	1.0522200000000002	1.64857	1.20171	1.04029	1.07308	1.06295	0.9598899999999999	1.0220799999999999	1.29093	1.0398	0.57845	0.8798219999999999	2.70079	2.242	2.13603	1.98197	1.4582700000000002	2.33073	1.64857	1.04029	1.06295	1.0220799999999999	1.0398	0.8798219999999999	2500	0.0001	2499.91	269.41	0.20338399999999998	666.955	147.376	0.23079000000000002	1294.32	342.527	0.24762699999999999	1209.46	47.7117	0.0282152	1913.14	89.65799999999999	0.0629302	708.82	3.6461900000000003	1
112	1.047	1.65379	1.1999	1.0421	1.07213	1.0639	0.959046	1.02292	1.29149	1.03925	0.5787979999999999	0.879474	2.70079	2.242	2.13603	1.98197	1.4582700000000002	2.33073	1.65379	1.0421	1.0639	1.02292	1.03925	0.879474	2500	0.0001	2499.91	269.41	0.20338399999999998	666.955	147.376	0.23079000000000002	1294.32	342.527	0.24762699999999999	1209.46	47.7117	0.0282152	1913.14	89.65799999999999	0.0629302	708.82	3.6461900000000003	1
113	1.0418	1.65898	1.1981	1.0439	1.0711899999999999	1.06484	0.958211	1.02376	1.2920399999999999	1.0387	0.5791430000000001	0.879129	2.70079	2.242	2.13603	1.98197	1.4582700000000002	2.33073	1.65898	1.0439	1.06484	1.02376	1.0387	0.879129	2500	0.0001	2499.91	269.41	0.20338399999999998	666.955	147.376	0.23079000000000002	1294.32	342.527	0.24762699999999999	1209.46	47.7117	0.0282152	1913.14	89.65799999999999	0.0629302	708.82	3.6461900000000003	1
114	1.03664	1.66415	1.19632	1.04568	1.07026	1.06578	0.957384	1.0245799999999998	1.2925799999999998	1.03815	0.579485	0.8787870000000001	2.70079	2.242	2.13603	1.98197	1.4582700000000002	2.33073	1.66415	1.04568	1.06578	1.0245799999999998	1.03815	0.8787870000000001	2500	0.0001	2499.91	269.41	0.20338399999999998	666.955	147.376	0.23079000000000002	1294.32	342.527	0.24762699999999999	1209.46	47.7117	0.0282152	1913.14	89.65799999999999	0.0629302	708.82	3.6461900000000003	1
115	1.0315	1.6692900000000002	1.19455	1.04744	1.06933	1.0667	0.956566	1.0254	1.29312	1.0376100000000001	0.579825	0.878447	2.70079	2.242	2.13603	1.98197	1.4582700000000002	2.33073	1.6692900000000002	1.04744	1.0667	1.0254	1.0376100000000001	0.878447	2500	0.0001	2499.91	269.41	0.20338399999999998	666.955	147.376	0.23079000000000002	1294.32	342.527	0.24762699999999999	1209.46	47.7117	0.0282152	1913.14	89.65799999999999	0.0629302	708.82	3.6461900000000003	1
116	1.02639	1.6744	1.1928	1.0492	1.0684200000000001	1.06762	0.9557549999999999	1.02621	1.29366	1.03708	0.5801609999999999	0.8781110000000001	2.70079	2.242	2.13603	1.98197	1.4582700000000002	2.33073	1.6744	1.0492	1.06762	1.02621	1.03708	0.8781110000000001	2500	0.0001	2499.91	269.41	0.20338399999999998	666.955	147.376	0.23079000000000002	1294.32	342.527	0.24762699999999999	1209.46	47.7117	0.0282152	1913.14	89.65799999999999	0.0629302	708.82	3.6461900000000003	1
117	1.0213	1.6794900000000001	1.19106	1.05093	1.06751	1.0685200000000001	0.954952	1.02702	1.29419	1.03654	0.580495	0.877777	2.70079	2.242	2.13603	1.98197	1.4582700000000002	2.33073	1.6794900000000001	1.05093	1.0685200000000001	1.02702	1.03654	0.877777	2500	0.0001	2499.91	269.41	0.20338399999999998	666.955	147.376	0.23079000000000002	1294.32	342.527	0.24762699999999999	1209.46	47.7117	0.0282152	1913.14	89.65799999999999	0.0629302	708.82	3.6461900000000003	1
118	1.01624	1.6845400000000001	1.18934	1.05266	1.0666200000000001	1.06942	0.954158	1.0278100000000001	1.29472	1.0360200000000002	0.5808260000000001	0.877446	2.70079	2.242	2.13603	1.98197	1.4582700000000002	2.33073	1.6845400000000001	1.05266	1.06942	1.0278100000000001	1.0360200000000002	0.877446	2500	0.0001	2499.91	269.41	0.20338399999999998	666.955	147.376	0.23079000000000002	1294.32	342.527	0.24762699999999999	1209.46	47.7117	0.0282152	1913.14	89.65799999999999	0.0629302	708.82	3.6461900000000003	1
119	1.01121	1.6895799999999999	1.18763	1.05437	1.0657299999999998	1.0703	0.9533709999999999	1.0286	1.29524	1.0355	0.581155	0.877117	2.70079	2.242	2.13603	1.98197	1.4582700000000002	2.33073	1.6895799999999999	1.05437	1.0703	1.0286	1.0355	0.877117	2500	0.0001	2499.91	269.41	0.20338399999999998	666.955	147.376	0.23079000000000002	1294.32	342.527	0.24762699999999999	1209.46	47.7117	0.0282152	1913.14	89.65799999999999	0.0629302	708.82	3.6461900000000003	1
120	1.00621	1.69458	1.18594	1.05606	1.06485	1.07118	0.952592	1.02938	1.29575	1.03498	0.58148	0.876792	2.70079	2.242	2.13603	1.98197	1.4582700000000002	2.33073	1.69458	1.05606	1.07118	1.02938	1.03498	0.876792	2500	0.0001	2499.91	269.41	0.20338399999999998	666.955	147.376	0.23079000000000002	1294.32	342.527	0.24762699999999999	1209.46	47.7117	0.0282152	1913.14	89.65799999999999	0.0629302	708.82	3.6461900000000003	1
